C1
mt  Av  steady  N  DT  mtbf ttff
90 
0.012516 
0.0122271(0.0114452) 
2.22182(1.47092) 
1.1043(1.03325) 
43.5216(29.2653)
26.2975(23.6396)


C2
90 
0.031231 
0.026859(0.0176922) 
2.47324(0.583035) 
2.4403(1.60713) 
38.4639(9.39211)
29.9824(8.99705)


C3
90 
0.016243 
0.016219(0.0131441) 
2.94996(1.69002) 
1.46529(1.187) 
37.4164(25.1542)
24.0351(21.4789)

C4
90 
0.048688 
0.0419574(0.0212956) 
3.86452(0.592475) 
3.81532(1.93532) 
23.864(3.82453)
20.0027(5.00025)

System
mt  Av  steady  N  DT  mtbf ttff
90 0.001207 0.00102684(0.00275014) 
0.278077(0.525751) 
0.0924672(0.247666) 
20.4386(36.8548)
11.8996(23.7283)

NCCW
100 0.000718 0.000376602(0.016092) 
0.000719(0.0268045) 
0.0376602(1.6092) 
0.0719(2.68045)
0.0342398(1.49925)

